<!DOCTYPE html>
<html lang="en">

<head>
    <title>Sim Plots - mds.js Example</title>

    <script src="https://cdnjs.cloudflare.com/ajax/libs/d3/4.12.0/d3.min.js"></script>
    <script src="https://cdnjs.cloudflare.com/ajax/libs/numeric/1.2.6/numeric.min.js"></script>
    <script src="../node_modules/mds.js/mds.js"></script>

    <style>
    body {
        font-family: "Helvetica Neue",Helvetica,Arial,sans-serif;
        font-size: 14px;
    }
    .axis path,
    .axis line {
        fill: none;
        stroke: black;
        shape-rendering: crispEdges;
    }
    text {
        font-size : 12px;
    }
    .axis text {
        font-size: 10px;
    }
    circle {
        stroke: #1f77b4;
        fill : #1f77b4;
    }
    </style>
</head>

<body>

<div id="plot"></div>

<script>
// Pacific Ocean Viromes distance matrix output from Libra
var matrix = [
    [0.0, 0.845500722243, 0.996328003254, 0.997399448185, 0.999135102413, 0.997828788668, 0.998493114467, 0.99566059066, 0.996507997891, 0.997689661579, 0.999218627726, 0.995063022912, 0.997478704646, 0.998359141856, 0.996390437899, 0.997220890556, 0.997790776855, 0.998573586075, 0.993806009378, 0.998290265574, 0.998172187192, 0.992822144896, 0.982438963275, 0.996201869619, 0.99749342151, 0.984978421245, 0.977125514923, 0.998330262631],
    [0.845500722243, 0.0, 0.997134018511, 0.99726698535, 0.999013133011, 0.997615128184, 0.998202670308, 0.994947164765, 0.996228099347, 0.997572709791, 0.999140005081, 0.995073430744, 0.997304345179, 0.998912662038, 0.995962713959, 0.997498256225, 0.997602961748, 0.998241999927, 0.992593002152, 0.998033505526, 0.997794373683, 0.992411027045, 0.980417135185, 0.996164464154, 0.99712597954, 0.982637611553, 0.972413371688, 0.998051336145],
    [0.996328003254, 0.997134018511, 0.0, 0.992951785471, 0.970131407527, 0.974399428262, 0.966756337286, 0.993290491887, 0.982522614792, 0.97160487225, 0.971287603345, 0.992486949237, 0.988338463095, 0.973818791209, 0.994070711714, 0.979448845494, 0.981132202441, 0.965362514768, 0.99287472579, 0.968395959969, 0.975545321344, 0.986127494893, 0.990047062611, 0.986481103379, 0.966102125262, 0.995890485999, 0.996138014756, 0.975944297379],
    [0.997399448185, 0.99726698535, 0.992951785471, 0.0, 0.99808298431, 0.991592932222, 0.996921222849, 0.897863951139, 0.98716702691, 0.990810894189, 0.995717319009, 0.944203891979, 0.892455940079, 0.993637201267, 0.921591487218, 0.969683155096, 0.99073035572, 0.996513290223, 0.927333416773, 0.996992081131, 0.995719406848, 0.957680656599, 0.958741957134, 0.989025034309, 0.998463098516, 0.989170958121, 0.990305393123, 0.998093791029],
    [0.999135102413, 0.999013133011, 0.970131407527, 0.99808298431, 0.0, 0.937513989545, 0.923317562138, 0.99775420972, 0.94713465905, 0.821315414693, 0.920252872308, 0.99762265061, 0.980294378952, 0.922605647324, 0.998627391616, 0.935535278026, 0.957224274836, 0.894642677774, 0.997414627513, 0.915398035246, 0.947180826981, 0.996028344938, 0.997370170694, 0.996946791094, 0.906707633821, 0.99817789072, 0.99855851447, 0.921397995712],
    [0.997828788668, 0.997615128184, 0.974399428262, 0.991592932222, 0.937513989545, 0.0, 0.950789710689, 0.993527008447, 0.970246555747, 0.945097432437, 0.958652153871, 0.993613162857, 0.98652369869, 0.961416797618, 0.995689282485, 0.974453246269, 0.960946465913, 0.938084366002, 0.99177294607, 0.955030294975, 0.939074813694, 0.983448815543, 0.988792596952, 0.98556963169, 0.957014550204, 0.994727623468, 0.995296963526, 0.97333271095],
    [0.998493114467, 0.998202670308, 0.966756337286, 0.996921222849, 0.923317562138, 0.950789710689, 0.0, 0.994374613867, 0.976953002065, 0.948735655564, 0.903798262145, 0.99601029635, 0.981322879169, 0.916290196346, 0.996749186605, 0.939641013762, 0.947023551619, 0.879330544688, 0.993850101511, 0.903497543527, 0.925902224739, 0.992858093661, 0.993074363555, 0.995909518693, 0.89115854047, 0.995969392233, 0.996746599237, 0.924692814989],
    [0.99566059066, 0.994947164765, 0.993290491887, 0.897863951139, 0.99775420972, 0.993527008447, 0.994374613867, 0.0, 0.986028001642, 0.989487401301, 0.994085936704, 0.833664928929, 0.961742754895, 0.991604456957, 0.880283645509, 0.972644266383, 0.989792188627, 0.993888707484, 0.896337670491, 0.995523259132, 0.991738864704, 0.975918855535, 0.948397316565, 0.986905666923, 0.996853752763, 0.981156398279, 0.981303312725, 0.996787028934],
    [0.996507997891, 0.996228099347, 0.982522614792, 0.98716702691, 0.94713465905, 0.970246555747, 0.976953002065, 0.986028001642, 0.0, 0.954788458761, 0.979479067904, 0.990265075458, 0.987703815733, 0.97878040462, 0.989737939676, 0.97896112853, 0.986893675186, 0.970558888874, 0.985911893018, 0.966910142718, 0.983385460076, 0.969581577314, 0.976139356778, 0.973538698564, 0.979036447116, 0.974493915409, 0.988286704274, 0.97570536764],
    [0.997689661579, 0.997572709791, 0.97160487225, 0.990810894189, 0.821315414693, 0.945097432437, 0.948735655564, 0.989487401301, 0.954788458761, 0.0, 0.951404174138, 0.991007718731, 0.984640573923, 0.948875562195, 0.993076519503, 0.960128913054, 0.959276835333, 0.934357243784, 0.990732284493, 0.948603239183, 0.952606954783, 0.977683608141, 0.985121771558, 0.980197175969, 0.951823192564, 0.995141701517, 0.994904747732, 0.959176951581],
    [0.999218627726, 0.999140005081, 0.971287603345, 0.995717319009, 0.920252872308, 0.958652153871, 0.903798262145, 0.994085936704, 0.979479067904, 0.951404174138, 0.0, 0.993906754647, 0.976470120696, 0.895917754016, 0.993644368917, 0.925291912276, 0.932575636564, 0.876257542232, 0.994528660128, 0.910964054014, 0.916254636068, 0.997499334931, 0.996957880244, 0.997828482674, 0.917756788288, 0.998038907222, 0.998339703941, 0.934541840314],
    [0.995063022912, 0.995073430744, 0.992486949237, 0.944203891979, 0.99762265061, 0.993613162857, 0.99601029635, 0.833664928929, 0.990265075458, 0.991007718731, 0.993906754647, 2.41862085915e-12, 0.972729849314, 0.990891478922, 0.871527184813, 0.977402873114, 0.989940125038, 0.99404328962, 0.892980991074, 0.995505502289, 0.991582174291, 0.98227644539, 0.958797272118, 0.98887078782, 0.996641971669, 0.983782090862, 0.987495419707, 0.997102183887],
    [0.997478704646, 0.997304345179, 0.988338463095, 0.892455940079, 0.980294378952, 0.98652369869, 0.981322879169, 0.961742754895, 0.987703815733, 0.984640573923, 0.976470120696, 0.972729849314, 0.0, 0.969638212837, 0.963284694946, 0.965941201943, 0.978996726039, 0.975581276078, 0.966695173108, 0.971851300919, 0.98299164325, 0.981043345925, 0.980266516228, 0.98930418883, 0.98137020943, 0.994071025429, 0.994142465618, 0.979388455177],
    [0.998359141856, 0.998912662038, 0.973818791209, 0.993637201267, 0.922605647324, 0.961416797618, 0.916290196346, 0.991604456957, 0.97878040462, 0.948875562195, 0.895917754016, 0.990891478922, 0.969638212837, 0.0, 0.989515260447, 0.909109271869, 0.908867633949, 0.887152151831, 0.993205807301, 0.911525563562, 0.925225417175, 0.997545665242, 0.996881421108, 0.992012563022, 0.924089859372, 0.998481246794, 0.998336395953, 0.927518027393],
    [0.996390437899, 0.995962713959, 0.994070711714, 0.921591487218, 0.998627391616, 0.995689282485, 0.996749186605, 0.880283645509, 0.989737939676, 0.993076519503, 0.993644368917, 0.871527184813, 0.963284694946, 0.989515260447, 3.19066995047e-12, 0.953659355715, 0.985195649736, 0.995370614824, 0.766230809498, 0.996932289628, 0.991951477053, 0.977772273327, 0.925097469738, 0.991739575348, 0.997779789976, 0.981807606651, 0.975492206827, 0.997927924941],
    [0.997220890556, 0.997498256225, 0.979448845494, 0.969683155096, 0.935535278026, 0.974453246269, 0.939641013762, 0.972644266383, 0.97896112853, 0.960128913054, 0.925291912276, 0.977402873114, 0.965941201943, 0.909109271869, 0.953659355715, 6.55697718344e-13, 0.948441820805, 0.923126782235, 0.97338745768, 0.917110636109, 0.954645545459, 0.986184187142, 0.985336367682, 0.991375228798, 0.934117750145, 0.995126202421, 0.993577387319, 0.921996667493],
    [0.997790776855, 0.997602961748, 0.981132202441, 0.99073035572, 0.957224274836, 0.960946465913, 0.947023551619, 0.989792188627, 0.986893675186, 0.959276835333, 0.932575636564, 0.989940125038, 0.978996726039, 0.908867633949, 0.985195649736, 0.948441820805, 0.0, 0.932560038817, 0.990362239719, 0.955141317601, 0.884570331604, 0.996776429065, 0.995931480307, 0.995386895048, 0.965455822137, 0.997846426967, 0.997695949498, 0.96699706346],
    [0.998573586075, 0.998241999927, 0.965362514768, 0.996513290223, 0.894642677774, 0.938084366002, 0.879330544688, 0.993888707484, 0.970558888874, 0.934357243784, 0.876257542232, 0.99404328962, 0.975581276078, 0.887152151831, 0.995370614824, 0.923126782235, 0.932560038817, 0.0, 0.991725881903, 0.866725333699, 0.890340754003, 0.994786017157, 0.994193209906, 0.996388760742, 0.889558670809, 0.996258403816, 0.996903743405, 0.91523710488],
    [0.993806009378, 0.992593002152, 0.99287472579, 0.927333416773, 0.997414627513, 0.99177294607, 0.993850101511, 0.896337670491, 0.985911893018, 0.990732284493, 0.994528660128, 0.892980991074, 0.966695173108, 0.993205807301, 0.766230809498, 0.97338745768, 0.990362239719, 0.991725881903, 0.0, 0.993992404066, 0.982984266953, 0.964562240265, 0.89834731209, 0.988038375731, 0.994562280018, 0.966612815269, 0.966900663822, 0.99593007343],
    [0.998290265574, 0.998033505526, 0.968395959969, 0.996992081131, 0.915398035246, 0.955030294975, 0.903497543527, 0.995523259132, 0.966910142718, 0.948603239183, 0.910964054014, 0.995505502289, 0.971851300919, 0.911525563562, 0.996932289628, 0.917110636109, 0.955141317601, 0.866725333699, 0.993992404066, 0.0, 0.928552538475, 0.99112983054, 0.993196111425, 0.991193444739, 0.885042152387, 0.996172242136, 0.996324756348, 0.876221887096],
    [0.998172187192, 0.997794373683, 0.975545321344, 0.995719406848, 0.947180826981, 0.939074813694, 0.925902224739, 0.991738864704, 0.983385460076, 0.952606954783, 0.916254636068, 0.991582174291, 0.98299164325, 0.925225417175, 0.991951477053, 0.954645545459, 0.884570331604, 0.890340754003, 0.982984266953, 0.928552538475, 0.0, 0.993987841802, 0.99176990822, 0.996916513374, 0.942563827727, 0.994753519184, 0.996112737006, 0.960132152225],
    [0.992822144896, 0.992411027045, 0.986127494893, 0.957680656599, 0.996028344938, 0.983448815543, 0.992858093661, 0.975918855535, 0.969581577314, 0.977683608141, 0.997499334931, 0.98227644539, 0.981043345925, 0.997545665242, 0.977772273327, 0.986184187142, 0.996776429065, 0.994786017157, 0.964562240265, 0.99112983054, 0.993987841802, 0.0, 0.903510173848, 0.966106337497, 0.987076446305, 0.976624098454, 0.976764596432, 0.994485511162],
    [0.982438963275, 0.980417135185, 0.990047062611, 0.958741957134, 0.997370170694, 0.988792596952, 0.993074363555, 0.948397316565, 0.976139356778, 0.985121771558, 0.996957880244, 0.958797272118, 0.980266516228, 0.996881421108, 0.925097469738, 0.985336367682, 0.995931480307, 0.994193209906, 0.89834731209, 0.993196111425, 0.99176990822, 0.903510173848, 0.0, 0.971789685039, 0.992849214399, 0.921668636879, 0.891566624284, 0.99427548372],
    [0.996201869619, 0.996164464154, 0.986481103379, 0.989025034309, 0.996946791094, 0.98556963169, 0.995909518693, 0.986905666923, 0.973538698564, 0.980197175969, 0.997828482674, 0.98887078782, 0.98930418883, 0.992012563022, 0.991739575348, 0.991375228798, 0.995386895048, 0.996388760742, 0.988038375731, 0.991193444739, 0.996916513374, 0.966106337497, 0.971789685039, 4.83335593771e-12, 0.997159841469, 0.991132334201, 0.981041796661, 0.995630576565],
    [0.99749342151, 0.99712597954, 0.966102125262, 0.998463098516, 0.906707633821, 0.957014550204, 0.89115854047, 0.996853752763, 0.979036447116, 0.951823192564, 0.917756788288, 0.996641971669, 0.98137020943, 0.924089859372, 0.997779789976, 0.934117750145, 0.965455822137, 0.889558670809, 0.994562280018, 0.885042152387, 0.942563827727, 0.987076446305, 0.992849214399, 0.997159841469, 0.0, 0.99353938177, 0.994641303814, 0.850834273605],
    [0.984978421245, 0.982637611553, 0.995890485999, 0.989170958121, 0.99817789072, 0.994727623468, 0.995969392233, 0.981156398279, 0.974493915409, 0.995141701517, 0.998038907222, 0.983782090862, 0.994071025429, 0.998481246794, 0.981807606651, 0.995126202421, 0.997846426967, 0.996258403816, 0.966612815269, 0.996172242136, 0.994753519184, 0.976624098454, 0.921668636879, 0.991132334201, 0.99353938177, 1.2218004386e-12, 0.916410799898, 0.995892765615],
    [0.977125514923, 0.972413371688, 0.996138014756, 0.990305393123, 0.99855851447, 0.995296963526, 0.996746599237, 0.981303312725, 0.988286704274, 0.994904747732, 0.998339703941, 0.987495419707, 0.994142465618, 0.998336395953, 0.975492206827, 0.993577387319, 0.997695949498, 0.996903743405, 0.966900663822, 0.996324756348, 0.996112737006, 0.976764596432, 0.891566624284, 0.981041796661, 0.994641303814, 0.916410799898, 1.8799406476e-12, 0.996331605981],
    [0.998330262631, 0.998051336145, 0.975944297379, 0.998093791029, 0.921397995712, 0.97333271095, 0.924692814989, 0.996787028934, 0.97570536764, 0.959176951581, 0.934541840314, 0.997102183887, 0.979388455177, 0.927518027393, 0.997927924941, 0.921996667493, 0.96699706346, 0.91523710488, 0.99593007343, 0.876221887096, 0.960132152225, 0.994485511162, 0.99427548372, 0.995630576565, 0.850834273605, 0.995892765615, 0.996331605981, 0.0]
];

var labels = [
    "POV_GD.Spr.C.8m",
    "POV_GF.Spr.C.9m",
    "POV_L.Spr.C.1000m",
    "POV_L.Spr.C.10m",
    "POV_L.Spr.C.1300m",
    "POV_L.Spr.C.500m",
    "POV_L.Spr.I.1000m",
    "POV_L.Spr.I.10m",
    "POV_L.Spr.I.2000m",
    "POV_L.Spr.I.500m",
    "POV_L.Spr.O.1000m",
    "POV_L.Spr.O.10m",
    "POV_L.Spr.O.2000m",
    "POV_L.Sum.O.1000m",
    "POV_L.Sum.O.10m",
    "POV_L.Sum.O.2000m",
    "POV_L.Sum.O.500m",
    "POV_L.Win.O.1000m",
    "POV_L.Win.O.10m",
    "POV_L.Win.O.2000m",
    "POV_L.Win.O.500m",
    "POV_M.Fall.C.10m",
    "POV_M.Fall.I.10m",
    "POV_M.Fall.I.42m",
    "POV_M.Fall.O.1000m",
    "POV_M.Fall.O.105m",
    "POV_M.Fall.O.10m",
    "POV_M.Fall.O.4300m"
];


var positions = numeric.transpose(mds.classic(matrix));

mds.drawD3ScatterPlot(d3.select("#plot"),
    positions[0],
    positions[1],
    labels,
    {
        w :  Math.min(document.documentElement.clientWidth - 20),
        h : Math.min(document.documentElement.clientHeight - 20),
        padding : 100
    });
</script>

</body>

</html>