	POV_GD.Spr.C.8m_reads.fa	POV_GF.Spr.C.9m_reads.fa	POV_L.Spr.C.1000m_reads.fa	POV_L.Spr.C.10m_reads.fa	POV_L.Spr.C.1300m_reads.fa	POV_L.Spr.C.500m_reads.fa	POV_L.Spr.I.1000m_reads.fa	POV_L.Spr.I.10m_reads.fa	POV_L.Spr.I.2000m_reads.fa	POV_L.Spr.I.500m_reads.fa	POV_L.Spr.O.1000m_reads.fa	POV_L.Spr.O.10m_reads.fa	POV_L.Spr.O.2000m_reads.fa	POV_L.Sum.O.1000m_reads.fa	POV_L.Sum.O.10m_reads.fa	POV_L.Sum.O.2000m_reads.fa	POV_L.Sum.O.500m_reads.fa	POV_L.Win.O.1000m_reads.fa	POV_L.Win.O.10m_reads.fa	POV_L.Win.O.2000m_reads.fa	POV_L.Win.O.500m_reads.fa	POV_M.Fall.C.10m_reads.fa	POV_M.Fall.I.10m_reads.fa	POV_M.Fall.I.42m_reads.fa	POV_M.Fall.O.1000m_reads.fa	POV_M.Fall.O.105m_reads.fa	POV_M.Fall.O.10m_reads.fa	POV_M.Fall.O.4300m_reads.fa
POV_GD.Spr.C.8m_reads.fa	1.0	0.13333322179	0.00578433504349	0.00400727110802	0.00132682834465	0.00303238730454	0.00201262910589	0.0059549133453	0.00432790735849	0.0029967643052	0.00158974584815	0.00562256476882	0.00321508793323	0.00187834880748	0.00479104220204	0.00370450924757	0.00234469308278	0.00196751203261	0.00782377966799	0.00223257840161	0.00241049383684	0.00844052201893	0.018068578166	0.0051693886172	0.00256210012039	0.0154325939244	0.0254821400982	0.00249179964432
POV_GF.Spr.C.9m_reads.fa	0.13333322179	1.0	0.00365029920639	0.00430216232919	0.00146415036225	0.00319908870766	0.00229072777307	0.00670396223855	0.00476339381785	0.00304606224977	0.00159978759178	0.00588964076775	0.00356563567857	0.00145723282712	0.00520003142718	0.00338177313318	0.00282458675592	0.00217148227722	0.00876491513537	0.00245046141023	0.00269597179837	0.00902188321279	0.0194623260603	0.00553455004751	0.00288861080438	0.0177553102696	0.0302134237797	0.00273594166748
POV_L.Spr.C.1000m_reads.fa	0.00578433504349	0.00365029920639	1.0	0.0111072986745	0.0359129239786	0.0346960754299	0.0409612121477	0.0102460230266	0.024954350472	0.037308921084	0.033499152437	0.0103057085426	0.0163524412722	0.0299143486858	0.00876194468428	0.0251229872152	0.0249251391564	0.0407851056625	0.0111247701947	0.0371349292431	0.0287237336746	0.0196717348583	0.0148272161777	0.0240838042707	0.0313112807421	0.00548808800341	0.00634988766815	0.0252139381295
POV_L.Spr.C.10m_reads.fa	0.00400727110802	0.00430216232919	0.0111072986745	1.0	0.00428853771395	0.0125206684274	0.00511667921315	0.0986118222479	0.0161220141486	0.0119441787159	0.00810784485187	0.0656448451203	0.0878315948488	0.0094827168346	0.0958189607933	0.0292585685817	0.0108029949158	0.00507706740391	0.0942750280111	0.00483120332608	0.00674624179393	0.0560702706868	0.060811033364	0.0172885030831	0.00308507662542	0.0171561179058	0.0185517780082	0.00483434714152
POV_L.Spr.C.1300m_reads.fa	0.00132682834465	0.00146415036225	0.0359129239786	0.00428853771395	1.0	0.050465722135	0.0843412455437	0.00429897104899	0.0575468777137	0.207238451778	0.0785593166417	0.00370025893264	0.0235557547198	0.0690836435256	0.00283750753567	0.0569186398393	0.0404219585156	0.106225573249	0.00583222245187	0.0793629145306	0.056822198335	0.00865991970105	0.00535057386808	0.00728800332682	0.0687471810787	0.00317058823348	0.00285467813858	0.05613787882
POV_L.Spr.C.500m_reads.fa	0.00303238730454	0.00319908870766	0.0346960754299	0.0125206684274	0.050465722135	1.0	0.0590067591196	0.00943192375247	0.0318016170991	0.0516728974906	0.0438136418417	0.00868325846537	0.0179930686712	0.0389159988839	0.00669859040955	0.0285909970227	0.0406381865591	0.0652296297693	0.0130320838936	0.0492725706603	0.0666760531394	0.0222658695986	0.0154863162493	0.0235199306363	0.041103348365	0.00729867231525	0.00692402104974	0.0288026566232
POV_L.Spr.I.1000m_reads.fa	0.00201262910589	0.00229072777307	0.0409612121477	0.00511667921315	0.0843412455437	0.0590067591196	1.0	0.00751725464035	0.0268519710271	0.0579825948906	0.105078789486	0.00585708880265	0.0254256113828	0.0836031170849	0.00476871287053	0.0606211919505	0.0542710349081	0.130934404405	0.0086596594693	0.0975414229286	0.0820788039059	0.0118956741786	0.00894251404148	0.00848315893908	0.0886190819447	0.0052608789154	0.00464802253624	0.0616373013886
POV_L.Spr.I.10m_reads.fa	0.0059549133453	0.00670396223855	0.0102460230266	0.0986118222479	0.00429897104899	0.00943192375247	0.00751725464035	1.0	0.0157198848525	0.0117706882188	0.00910123355088	0.145295860065	0.0362280407802	0.0112971489871	0.125204631362	0.0275481320257	0.0119406826991	0.00782787040031	0.124692002652	0.0064475439333	0.0114235231863	0.0314960336311	0.063799885436	0.017267407712	0.00433237316146	0.0250977616288	0.0301267928024	0.00590967134593
POV_L.Spr.I.2000m_reads.fa	0.00432790735849	0.00476339381785	0.024954350472	0.0161220141486	0.0575468777137	0.0318016170991	0.0268519710271	0.0157198848525	1.0	0.0532867575526	0.0209561168233	0.0119250325129	0.0152981294336	0.0221573954409	0.012439078247	0.0228562723112	0.0141716617089	0.0300502469	0.018155722424	0.0362974066789	0.0174338510412	0.0322067153677	0.0272637076344	0.0386869641838	0.0175892324249	0.0237180762491	0.0148650175683	0.0253838157723
POV_L.Spr.I.500m_reads.fa	0.0029967643052	0.00304606224977	0.037308921084	0.0119441787159	0.207238451778	0.0516728974906	0.0579825948906	0.0117706882188	0.0532867575526	1.0	0.0498637350785	0.0107225855129	0.0205659552087	0.0499585479594	0.00862902152122	0.0412972616146	0.0416935990172	0.066888125738	0.0136582540502	0.0532753986399	0.0480559842234	0.0249542386333	0.0176415264072	0.0297944916034	0.0382353809857	0.00609355355981	0.00703025137146	0.0358045289238
POV_L.Spr.O.1000m_reads.fa	0.00158974584815	0.00159978759178	0.033499152437	0.00810784485187	0.0785593166417	0.0438136418417	0.105078789486	0.00910123355088	0.0209561168233	0.0498637350785	1.0	0.0102706665838	0.0488648629845	0.100537784542	0.0116185938089	0.0738780723792	0.0677820559829	0.129937096584	0.010065199625	0.0865044722963	0.0870890073431	0.00635590564957	0.00544170474183	0.00415297301206	0.0695439874154	0.00344528499171	0.00302295601266	0.0509734132056
POV_L.Spr.O.10m_reads.fa	0.00562256476882	0.00588964076775	0.0103057085426	0.0656448451203	0.00370025893264	0.00868325846537	0.00585708880265	0.145295860065	0.0119250325129	0.0107225855129	0.0102706665838	1.0	0.029862417752	0.0118604771047	0.133460176558	0.0256219354679	0.01300596557	0.00782938980528	0.1231273693	0.00626203245731	0.0114239567782	0.0229809900629	0.0460942452435	0.0152325434426	0.00394886444628	0.0189085769087	0.0185009469538	0.00487162747538
POV_L.Spr.O.2000m_reads.fa	0.00321508793323	0.00356563567857	0.0163524412722	0.0878315948488	0.0235557547198	0.0179930686712	0.0254256113828	0.0362280407802	0.0152981294336	0.0205659552087	0.0488648629845	0.029862417752	1.0	0.039178820377	0.038050268982	0.0433185301235	0.0281702208113	0.0308987643813	0.0341245826012	0.0344495454706	0.0214009981397	0.0212928252581	0.0218594638782	0.016000385738	0.0187016860687	0.00728873854071	0.00818758425882	0.0216073469711
POV_L.Sum.O.1000m_reads.fa	0.00187834880748	0.00145723282712	0.0299143486858	0.0094827168346	0.0690836435256	0.0389159988839	0.0836031170849	0.0112971489871	0.0221573954409	0.0499585479594	0.100537784542	0.0118604771047	0.039178820377	1.0	0.0144071346913	0.13951079169	0.0858074206992	0.10830234112	0.0105348484572	0.0813231525512	0.0722231243766	0.00538420548597	0.00513702289937	0.0108418214121	0.0534480459379	0.00265131173395	0.00294895107493	0.0503491951868
POV_L.Sum.O.10m_reads.fa	0.00479104220204	0.00520003142718	0.00876194468428	0.0958189607933	0.00283750753567	0.00669859040955	0.00476871287053	0.125204631362	0.012439078247	0.00862902152122	0.0116185938089	0.133460176558	0.038050268982	0.0144071346913	1.0	0.046804034802	0.02138439324	0.00681078256882	0.227359332048	0.00457330726824	0.0116524508135	0.0317796840355	0.0792172287908	0.0127089431455	0.00316121345233	0.0249057488528	0.0343470876145	0.0040004022957
POV_L.Sum.O.2000m_reads.fa	0.00370450924757	0.00338177313318	0.0251229872152	0.0292585685817	0.0569186398393	0.0285909970227	0.0606211919505	0.0275481320257	0.0228562723112	0.0412972616146	0.0738780723792	0.0256219354679	0.0433185301235	0.13951079169	0.046804034802	1.0	0.054615431265	0.0758172955875	0.0294451907321	0.0785888791123	0.0470343473578	0.0153350290845	0.0164739295845	0.0127799387676	0.0446829502948	0.00661031340506	0.0083761459551	0.0544519694345
POV_L.Sum.O.500m_reads.fa	0.00234469308278	0.00282458675592	0.0249251391564	0.0108029949158	0.0404219585156	0.0406381865591	0.0542710349081	0.0119406826991	0.0141716617089	0.0416935990172	0.0677820559829	0.01300596557	0.0281702208113	0.0858074206992	0.02138439324	0.054615431265	1.0	0.067185244776	0.0126274814029	0.0432250182056	0.106426471862	0.00579197864756	0.00577694181205	0.00689746126812	0.027546753299	0.00321971464866	0.00340610727337	0.0250665434032
POV_L.Win.O.1000m_reads.fa	0.00196751203261	0.00217148227722	0.0407851056625	0.00507706740391	0.106225573249	0.0652296297693	0.130934404405	0.00782787040031	0.0300502469	0.066888125738	0.129937096584	0.00782938980528	0.0308987643813	0.10830234112	0.00681078256882	0.0758172955875	0.067185244776	1.0	0.0117211211394	0.129213221939	0.114666996769	0.00945044111704	0.00762329646546	0.00578794752928	0.0905075406756	0.00503410990493	0.00420882553419	0.0674684247408
POV_L.Win.O.10m_reads.fa	0.00782377966799	0.00876491513537	0.0111247701947	0.0942750280111	0.00583222245187	0.0130320838936	0.0086596594693	0.124692002652	0.018155722424	0.0136582540502	0.010065199625	0.1231273693	0.0341245826012	0.0105348484572	0.227359332048	0.0294451907321	0.0126274814029	0.0117211211394	1.0	0.00854905690456	0.0230764397343	0.0492272845765	0.105715156602	0.0188367205024	0.00665951943597	0.0415430828511	0.0446365465551	0.00731197889225
POV_L.Win.O.2000m_reads.fa	0.00223257840161	0.00245046141023	0.0371349292431	0.00483120332608	0.0793629145306	0.0492725706603	0.0975414229286	0.0064475439333	0.0362974066789	0.0532753986399	0.0865044722963	0.00626203245731	0.0344495454706	0.0813231525512	0.00457330726824	0.0785888791123	0.0432250182056	0.129213221939	0.00854905690456	1.0	0.0724437924073	0.0127513523954	0.00912075195793	0.0148364453829	0.0847580805651	0.00499852687804	0.00492487710223	0.0968411277096
POV_L.Win.O.500m_reads.fa	0.00241049383684	0.00269597179837	0.0287237336746	0.00674624179393	0.056822198335	0.0666760531394	0.0820788039059	0.0114235231863	0.0174338510412	0.0480559842234	0.0870890073431	0.0114239567782	0.0214009981397	0.0722231243766	0.0116524508135	0.0470343473578	0.106426471862	0.114666996769	0.0230764397343	0.0724437924073	1.0	0.0115671141846	0.0108029205566	0.00484793532394	0.0537175937664	0.00730817854573	0.00562527759339	0.0370250700996
POV_M.Fall.C.10m_reads.fa	0.00844052201893	0.00902188321279	0.0196717348583	0.0560702706868	0.00865991970105	0.0222658695986	0.0118956741786	0.0314960336311	0.0322067153677	0.0249542386333	0.00635590564957	0.0229809900629	0.0212928252581	0.00538420548597	0.0317796840355	0.0153350290845	0.00579197864756	0.00945044111704	0.0492272845765	0.0127513523954	0.0115671141846	1.0	0.125887719842	0.0451021085214	0.0156476269313	0.0358010289919	0.0346677607699	0.0133677522825
POV_M.Fall.I.10m_reads.fa	0.018068578166	0.0194623260603	0.0148272161777	0.060811033364	0.00535057386808	0.0154863162493	0.00894251404148	0.063799885436	0.0272637076344	0.0176415264072	0.00544170474183	0.0460942452435	0.0218594638782	0.00513702289937	0.0792172287908	0.0164739295845	0.00577694181205	0.00762329646546	0.105715156602	0.00912075195793	0.0108029205566	0.125887719842	1.0	0.0396214706934	0.00981242981843	0.0859394963396	0.116839761837	0.0115587738422
POV_M.Fall.I.42m_reads.fa	0.0051693886172	0.00553455004751	0.0240838042707	0.0172885030831	0.00728800332682	0.0235199306363	0.00848315893908	0.017267407712	0.0386869641838	0.0297944916034	0.00415297301206	0.0152325434426	0.016000385738	0.0108418214121	0.0127089431455	0.0127799387676	0.00689746126812	0.00578794752928	0.0188367205024	0.0148364453829	0.00484793532394	0.0451021085214	0.0396214706934	1.0	0.00576178168859	0.0132502388971	0.0276946670412	0.0123963038307
POV_M.Fall.O.1000m_reads.fa	0.00256210012039	0.00288861080438	0.0313112807421	0.00308507662542	0.0687471810787	0.041103348365	0.0886190819447	0.00433237316146	0.0175892324249	0.0382353809857	0.0695439874154	0.00394886444628	0.0187016860687	0.0534480459379	0.00316121345233	0.0446829502948	0.027546753299	0.0905075406756	0.00665951943597	0.0847580805651	0.0537175937664	0.0156476269313	0.00981242981843	0.00576178168859	1.0	0.00831345161395	0.00933234925136	0.0837304868245
POV_M.Fall.O.105m_reads.fa	0.0154325939244	0.0177553102696	0.00548808800341	0.0171561179058	0.00317058823348	0.00729867231525	0.0052608789154	0.0250977616288	0.0237180762491	0.00609355355981	0.00344528499171	0.0189085769087	0.00728873854071	0.00265131173395	0.0249057488528	0.00661031340506	0.00321971464866	0.00503410990493	0.0415430828511	0.00499852687804	0.00730817854573	0.0358010289919	0.0859394963396	0.0132502388971	0.00831345161395	1.0	0.0961782513373	0.00677551112006
POV_M.Fall.O.10m_reads.fa	0.0254821400982	0.0302134237797	0.00634988766815	0.0185517780082	0.00285467813858	0.00692402104974	0.00464802253624	0.0301267928024	0.0148650175683	0.00703025137146	0.00302295601266	0.0185009469538	0.00818758425882	0.00294895107493	0.0343470876145	0.0083761459551	0.00340610727337	0.00420882553419	0.0446365465551	0.00492487710223	0.00562527759339	0.0346677607699	0.116839761837	0.0276946670412	0.00933234925136	0.0961782513373	1.0	0.00849588727053
POV_M.Fall.O.4300m_reads.fa	0.00249179964432	0.00273594166748	0.0252139381295	0.00483434714152	0.05613787882	0.0288026566232	0.0616373013886	0.00590967134593	0.0253838157723	0.0358045289238	0.0509734132056	0.00487162747538	0.0216073469711	0.0503491951868	0.0040004022957	0.0544519694345	0.0250665434032	0.0674684247408	0.00731197889225	0.0968411277096	0.0370250700996	0.0133677522825	0.0115587738422	0.0123963038307	0.0837304868245	0.00677551112006	0.00849588727053	1.0
